1.522548073890013143e+02
1.681045452548677304e+02
1.228414149260506292e+03
1.722225207379224230e+03
6.241788276703205156e+02
5.113236242757583341e+02
1.675633525745415113e+02
1.515176686346696897e+02
2.009438039586023024e+02
2.490145109147771620e+02
1.153671801845260461e+03
1.356324496094570350e+03
8.540498574212825815e+02
1.507080878121466412e+03
1.535924756217806816e+03
8.593860497178494597e+02
6.726158825947806008e+02
1.128487386272215417e+03
6.019907612179219996e+02
4.260397060647491685e+02
1.563778309907232369e+03
1.075131336818283671e+03
3.388559888853936855e+02
2.491861458568649823e+02
3.007128639544426960e+02
2.169336402257180794e+02
1.319697992446655235e+03
8.342213832908222457e+02
3.504211836787080188e+02
8.988633225165932572e+02
3.843590856156146174e+02
3.067366219364184872e+02
2.363091807090012821e+02
4.777294697885737378e+02
7.987393661049343336e+02
1.362953833201856696e+03
2.096274993739235128e+02
1.958930349926003203e+02
7.153785013763156257e+02
2.121732846823394993e+02
1.734011190714017403e+03
3.733463302858183397e+02
8.509844622125158367e+02
5.479306499018218801e+02
1.515670746573367978e+03
1.816444991747428332e+02
5.715626746560353695e+02
1.761455667821466875e+02
1.398513393397236314e+03
2.656720164935558728e+02
1.127304219906365006e+03
1.357678344986439924e+03
6.873876985549825349e+02
8.070787936565897098e+02
1.453578546591531904e+03
3.691772642106563467e+02
1.157326760002252399e+02
1.491744644620282259e+02
1.808075086493208801e+02
4.415443662638854221e+02
2.081702863538243946e+02
7.863654672156101242e+02
8.676271308323180165e+02
3.559553719343880971e+02
1.831939045250250956e+03
1.392869554467853277e+03
1.047240089707673178e+03
1.327822979652198228e+03
7.125564083733014513e+02
6.070152665946768593e+02
1.652414925278587361e+03
2.144168632283824536e+02
1.315431023715935453e+03
7.992229989245067827e+02
1.732259461234163155e+03
1.769406726481849432e+02
1.242220384190091181e+03
7.834180688537373953e+02
1.482614405304156435e+03
1.214003316498345384e+03
2.664571782275000373e+02
1.600481622116643166e+03
3.265473096843139729e+02
8.077864614430905021e+02
2.061004165356562225e+02
1.434296231962987918e+02
3.385636666437749795e+02
8.738864019844259019e+02
1.251162329720452590e+03
9.478293574110704185e+02
1.520068861734055417e+03
1.020428961210809462e+03
1.135148268628093291e+02
5.063768982331016559e+02
6.322580594243354426e+02
1.966928302928803987e+03
7.486927501563152418e+02
1.330707129968175195e+03
8.393176884448807868e+02
2.857675557131022970e+02
4.749585646902590952e+02
1.161397542738073298e+03
2.395584142268082530e+02
1.587925271647879754e+03
5.106740436839936592e+02
1.865518342082616982e+03
4.157753634981198729e+02
1.539139911943055949e+03
2.422051810180527980e+02
1.413947450448353493e+03
9.666916946612823267e+02
1.442442220700691450e+03
1.591214122688885027e+03
8.772200338882207689e+02
2.973484856723785583e+02
4.450877211392630102e+02
7.586638392244374245e+02
1.263775534250490580e+02
4.981985614717812041e+02
1.154599354479938000e+02
8.833680152426278482e+02
1.987701798029582051e+03
6.741331571619168699e+02
1.969911535434102689e+03
1.553883899073709927e+03
5.942716682287373260e+02
8.625510227034151285e+02
5.904373191102671399e+02
1.325428582023568879e+03
1.866203845049984693e+03
1.122738655403927623e+03
1.364896276927059489e+03
1.847151813962881079e+03
8.124440557926702695e+02
1.754919645829903402e+03
5.235435931428703498e+02
1.129214862814691060e+03
1.794900873958831653e+03
1.386855991558627693e+03
1.039674432900982993e+03
5.110545741975511191e+02
1.581916053938527511e+03
4.893238565184603885e+02
3.994569991979543033e+02
3.944014393884118022e+02
1.716172573223323980e+03
1.697017709340720444e+02
7.128244994554878531e+02
1.308275655047686996e+03
1.857508141212859755e+03
6.903656012104856927e+02
2.729303466603114998e+02
9.809235053986860748e+02
9.470404928834541352e+02
1.042141342143537941e+03
6.503439924085097346e+02
4.051032635115006997e+02
7.938652558116009459e+02
8.099903577115742337e+02
1.374435954273221114e+03
9.969482711167295292e+02
3.670083299610738550e+02
1.010602434795053000e+03
1.364641555289711960e+03
1.653833943591012940e+03
2.089024987386000305e+02
1.671903930031313166e+03
7.850572937549196695e+02
1.547583695967152380e+03
1.268120543072973305e+03
7.191173720610556757e+02
1.396963653875704267e+03
2.160395379735907966e+02
9.292115403036876842e+02
1.012951181831348748e+02
4.349749221922686502e+02
2.402303352639811180e+02
5.757808637639619747e+02
1.246672538205865294e+03
3.281527167436391892e+02
1.470255224407891887e+02
1.635585940397141940e+02
6.787468068474162237e+02
5.790394512270049745e+02
1.633513343457068459e+02
1.904388806494633286e+02
8.888435706262916938e+02
9.397315895257603415e+02
1.051912658646045884e+02
4.429780147679323363e+02
3.844208439969527831e+02
1.004696815265048826e+03
2.530350088812672595e+02
1.697274902039448989e+03
5.657876485838634153e+02
1.579777889381240584e+03
1.897465234016562761e+02
1.469195848929173849e+02
1.660473417099388485e+02
5.044048123230470537e+02
1.578290641253596959e+03
1.895381667788989034e+03
6.747423597180234083e+02
3.658244043193871562e+02
2.193382412879637968e+02
3.259438739459949375e+02
4.337246475979309821e+02
6.052730499574530540e+02
7.441601710538318457e+02
1.307756330520221582e+03
4.243959738560563437e+02
9.007785680824695191e+02
1.033736233573430127e+03
1.328422999355029788e+03
1.146988711487770615e+03
2.184615146574009259e+02
2.685817184591380737e+02
1.323489087213647736e+03
4.380358934992086120e+02
7.916037690496495998e+02
7.705472413847855933e+02
2.122100965528972552e+02
1.469246055930102557e+02
6.212267038076779500e+02
2.320579130521116440e+02
5.463644207118046552e+02
1.384251489994266535e+02
6.261519394044925093e+02
1.099815513511351583e+03
7.130889545604765090e+02
5.574894071688654549e+02
1.815984185958376202e+03
4.296825046740264042e+02
9.830021315238827810e+02
2.012631551159520882e+02
2.704897913441643595e+02
1.819913883009924575e+03
5.305596635932535037e+02
3.045069210095300605e+02
1.432888672327974007e+02
1.847526786845699917e+03
6.077249874074580021e+02
1.112050189416534749e+03
6.248029152498666008e+02
9.287368192692273396e+02
1.678233110176242008e+03
1.791302845967892154e+03
1.574925499806779499e+02
1.140523856495092616e+02
1.137121890031191924e+03
3.477669257822944928e+02
9.096295129382478990e+02
5.516459166303169468e+02
2.035109892582758562e+02
1.340754780528043057e+03
1.286744936053929678e+03
2.647311317427241875e+02
5.616297474029254317e+02
6.631839803680343266e+02
9.579170300441112431e+02
1.109071981304543471e+02
7.659774590507173571e+02
9.263591089265087248e+02
2.528870418702047971e+02
9.698649326619959083e+02
1.107370861425978887e+02
4.736352247144683361e+02
6.955344847007653470e+02
2.834759883638679412e+02
9.497698352216788180e+02
9.563975719981663133e+02
7.458316592931337254e+02
5.542219494335142826e+02
3.571962997747987174e+02
1.638551168584766060e+02
3.832089867259114158e+02
4.077813197205513802e+02
2.135531257722799410e+02
8.870897260705903591e+02
1.092477886930111936e+03
7.649918403296683209e+02
8.116635920739382755e+02
4.163874938224794278e+02
8.716373643364553345e+02
4.330657228480308163e+02
1.536197334157057412e+03
1.997098284056249213e+03
5.819622714426948278e+02
7.200387986336781978e+02
4.083282665181588982e+02
9.768906444994269123e+02
5.752234278688782751e+02
1.347033357513996634e+03
2.990125281510481727e+02
1.445828089832424666e+03
7.814301287857050511e+02
1.935968098420048364e+03
2.580101303140909295e+02
1.746957504600663242e+03
1.590033357293986228e+03
6.778083320406701660e+02
8.104968334596014756e+02
5.857377179538495966e+02
9.348688359444449816e+02
4.162745562817787004e+02
2.106547077562464665e+02
1.104357396807590248e+03
1.830002488797847718e+03
6.413058243926224122e+02
2.020311988392352305e+02
7.865540670016221156e+02
1.247417354116979823e+03
3.845766618145422626e+02
1.210854981851292678e+02
1.285738695824378965e+03
2.967862793760276077e+02
1.264454258075580526e+02
1.325478437635068474e+02
1.086976005692737459e+02
1.685087796344543904e+03
7.218140911045114763e+02
3.446647084556316258e+02
2.703499329225878114e+02
2.692937701046668622e+02
1.163585919161837978e+02
1.058862004857484862e+03
6.595373263312849303e+02
1.632763511833991970e+03
1.276545442172977346e+03
1.787451303717067503e+03
2.672451072662104252e+02
9.146982728990667511e+02
7.217973595136288623e+02
1.188288436062647833e+02
1.296248135985794988e+03
8.679222908157057645e+02
6.921798054765973802e+02
5.333033489107253899e+02
3.085568826556514068e+02
7.576675814884372357e+02
4.987404236067912393e+02
1.036520040403598614e+03
5.011346597633315696e+02
7.841640341409673738e+02
5.945038019516860004e+02
1.413461820450834466e+03
5.972718439555620762e+02
1.962175974076942339e+03
9.799969916302743513e+02
1.014307664073180035e+03
8.732196972793025225e+02
8.777408040498943365e+02
1.116394363114398857e+03
1.351538956854048820e+03
2.892170825157045329e+02
6.591195400635440365e+02
3.064020513927098364e+02
2.042149638502053222e+02
9.036169555156617434e+02
5.299487446161999742e+02
7.326771759157701354e+02
6.732663126291103026e+02
1.674065437922173942e+03
1.352478944153054726e+03
8.834775835047331611e+02
8.663488564932291638e+02
1.300358250058890462e+03
1.305684625935016811e+03
3.994517952320588847e+02
1.213661458538262394e+02
5.354178583212781177e+02
4.233625507641687022e+02
5.323572895203549251e+02
8.253332052259155489e+02
1.409821891378574037e+02
1.538594315382943250e+03
9.910768222176487825e+02
1.449286843651144352e+02
2.638488288559727835e+02
4.039994568772071375e+02
1.104819976145432605e+02
2.127944655092254607e+02
1.177545163445095341e+03
2.918598644207764892e+02
1.407884589066799208e+02
2.053017375956361548e+02
3.815849678043725817e+02
1.203921957344138491e+03
3.106494491513153662e+02
6.115743032823472731e+02
3.566174832124142995e+02
1.172308410136725115e+03
7.592112290984446190e+02
1.523397196661249609e+03
4.283800772379499335e+02
5.583022542118961837e+02
8.845870429580451173e+02
3.793880464532773544e+02
1.335100401658570945e+03
1.398843705182433723e+02
7.549045677817556452e+02
2.504721396197841443e+02
1.612168450685195921e+03
1.254470648440456671e+03
1.437596671172180436e+02
1.118056581710285172e+03
1.112875824569068300e+03
9.127769013442293726e+02
6.534920883871527622e+02
6.363532013711309219e+02
7.223879192314412876e+02
1.083744579274073203e+03
2.171253843079643389e+02
1.881817005535225917e+03
1.774762771960352893e+03
1.499990867056588286e+03
1.461813152773949696e+03
6.565403704534805911e+02
2.287326819465648668e+02
1.074356989666662685e+03
1.274318499794468153e+03
2.527178725845600695e+02
1.378222043049823014e+03
1.192937617862702382e+03
2.691855373479527316e+02
3.565173276786312613e+02
3.880897075123876903e+02
1.524232907779347897e+03
3.639645402299449870e+02
1.660727833592498655e+03
1.513352438034644365e+02
1.714058717093545056e+03
1.272039064028222356e+03
8.263620030554681080e+02
3.056042018392486170e+02
1.369056460120768634e+03
2.727260331345299846e+02
1.188364048923231167e+02
1.116436631574725197e+03
1.176634568231932235e+03
6.108350382808259837e+02
3.117499345837615010e+02
1.964364958386492617e+03
3.230335993523270872e+02
4.837489199532625435e+02
1.692927612499990119e+03
6.351166706463640139e+02
2.121795444927411722e+02
1.147265917933136876e+02
1.883895542777203218e+02
1.344818806936108558e+03
7.478577331568999398e+02
6.763807130537542207e+02
1.673023786940801472e+02
6.629540744145990629e+02
6.066502202000265243e+02
2.268613172173489261e+02
1.600399287133495818e+03
3.111946737217746204e+02
8.009586624051228227e+02
8.816703175124532663e+02
1.317871041080909436e+03
7.658346789962023422e+02
3.345422675996371709e+02
8.469249430180774425e+02
5.912172811302018545e+02
1.759388562365527946e+02
1.612137070099636048e+03
2.569157314430021302e+02
7.577917317179970951e+02
1.413680062058633894e+03
5.161571640956128704e+02
2.068668740783432440e+02
1.302213306772775013e+03
6.487995423604317011e+02
1.988066835869206670e+03
8.572165124857715455e+02
9.172035103242322975e+02
3.791324176781358233e+02
7.174476944494097097e+02
7.870117680391520025e+02
2.823841057756402506e+02
3.139772409766520695e+02
4.713490199212230891e+02
6.424196851528598700e+02
1.129570851428455569e+02
1.861958338876491553e+03
3.978630490365636092e+02
1.555064903466472742e+03
6.291429841836834385e+02
1.404954899715570946e+03
3.666759326489249702e+02
2.800601229167680231e+02
3.145119766811028512e+02
1.231636795750244119e+03
1.729609347769843907e+03
1.230449220209480927e+03
7.516612689822063658e+02
4.788338087712992888e+02
2.613325820269496944e+02
1.626966184158906344e+03
3.628349322315193035e+02
1.038354186063428870e+03
1.185031148024747409e+02
8.415048089935546614e+02
1.499065338125042217e+03
8.143823359662462735e+02
9.217159794505585069e+02
1.259340406268479683e+03
1.356664934024442346e+03
2.741428986737067817e+02
9.343771010443190335e+02
2.647516756359900683e+02
1.802814180684743860e+03
4.252326860020440904e+02
1.152777140886447285e+02
1.714729331499104092e+03
1.005502352895812805e+03
2.785292196958572504e+02
1.087492903464288247e+03
2.151947799098612677e+02
1.990458810032250767e+02
8.267628150900212631e+02
1.970081674853746108e+03
2.192612664240094205e+02
9.894787857593164517e+02
6.766144613106367842e+02
2.220121620351536649e+02
4.229119009167217769e+02
3.877755289394580700e+02
1.595495756010021751e+03
6.284562880490982479e+02
1.242363322265754277e+03
3.233329774263502259e+02
4.258367914136427430e+02
8.932750941564323739e+02
4.813484430371864278e+02
1.535960954778885480e+03
5.685122354276807073e+02
9.205708472996547016e+02
6.534449508528766728e+02
3.673213598033697735e+02
3.207853793968117770e+02
3.122506523210892055e+02
6.234857356179691124e+02
3.341570580267423338e+02
3.459684185778580741e+02
7.569462701278972645e+02
1.672055763055653642e+03
6.927574329291478534e+02
6.432414701327255671e+02
9.315369979672359477e+02
2.068576981710521636e+02
6.995952821100198662e+02
1.089852990622173365e+03
8.386364999330525052e+02
8.356791946103475084e+02
1.185810387008830048e+03
4.259485812746481770e+02
2.182638301634189588e+02
1.759178566423231359e+03
1.279554439424355451e+03
1.660402217696163916e+03
1.848169563474732513e+03
1.850021535854889407e+03
8.540739841691316769e+02
8.452678866160092639e+02
7.589546335678060132e+02
6.515100388427630378e+02
4.519395494855583593e+02
1.737590908071105559e+03
1.021975626662438117e+03
1.018385923525708222e+03
3.177638991112852409e+02
2.382037061694472300e+02
8.354585961271172891e+02
1.005427724994648656e+03
3.101599298780680556e+02
1.759321023002687525e+03
1.900642052393342055e+03
1.234655689660746560e+02
1.216406310752085574e+03
9.827770162351565659e+02
1.637806848513263731e+03
6.671179976340941948e+02
2.821933006767592360e+02
3.064965965535475334e+02
1.207350427978552716e+03
8.652585775952851463e+02
1.240981107907103933e+02
8.373072111225584422e+02
1.024184536170489991e+03
1.699555130905554734e+03
7.083476887830288433e+02
8.517576365394148752e+02
5.889496599430636934e+02
1.019768321165052043e+03
1.936046987367629299e+03
1.462290669147493190e+03
1.007280127727043578e+03
5.941975588443000333e+02
1.336797922410648653e+03
2.450820341187147164e+02
1.677466032636183684e+02
2.239340077703126610e+02
1.459541893076736301e+02
1.426312168202587827e+03
7.256574662529842499e+02
6.947198027098784223e+02
1.368364705510418844e+03
6.681357069142964065e+02
1.419713202455234523e+03
1.200509348441576094e+03
4.653974022068335330e+02
1.292915574639239139e+03
4.061395982851750546e+02
1.586428820422912054e+02
7.098412950670734745e+02
1.559462272803060387e+03
2.604598579281641264e+02
6.192885698070952003e+02
9.389957409445039502e+02
5.229468713940984799e+02
1.629874459958309899e+03
3.099373240279825836e+02
1.915527834911024001e+03
5.599177570562171695e+02
7.462289263001277959e+02
2.167622114296357552e+02
6.675668878385939706e+02
1.356222544352695877e+03
8.330864216826849997e+02
6.015410239139447413e+02
5.626179089911006486e+02
9.428225500096850737e+02
6.779617378150519471e+02
1.143331747425383355e+03
1.412633834162693063e+02
4.483466739262397596e+02
3.896718057005871856e+02
4.186890139015809496e+02
1.128954353532693631e+02
1.012977550931061046e+02
1.205231575711957930e+03
4.449049585683837336e+02
3.551502430029345874e+02
1.668880627467822251e+03
4.605978031679031801e+02
8.690346720913040599e+02
1.397447520016002272e+03
2.208119454016479608e+02
4.441003692442887996e+02
1.678735039965431497e+02
1.057320786175163221e+03
1.212667642281488270e+03
4.234210532449641278e+02
1.119577690743435141e+03
4.290749670239874263e+02
8.100110228011199069e+02
1.203393827503162811e+03
2.843867218412667626e+02
6.480751503275741925e+02
3.746065724001070407e+02
1.943515539716545959e+02
6.681256934720163372e+02
1.127565122616969404e+02
1.140462323160374808e+03
1.143387171104777593e+02
3.169248521184321135e+02
1.510622249654360076e+03
7.111720774698194418e+02
1.913065811863137014e+03
9.405688997950620660e+02
3.907182173704189267e+02
1.313184047295737855e+03
8.130354245276097345e+02
4.187619923901538641e+02
5.837936035658281071e+02
1.958755893846024492e+02
1.471978646545211404e+02
1.306773574771012363e+03
7.423403315604570025e+02
1.188734769380883023e+02
1.200113736043090285e+02
5.663265884444324456e+02
1.332744095477253722e+03
3.072328939791538005e+02
1.453670624915797816e+03
4.335178545685295717e+02
4.107447872093515002e+02
1.242995222952693894e+03
4.426972349624304002e+02
7.091589317541142918e+02
7.632382299512636337e+02
6.720726024657009248e+02
2.109018926311550217e+02
3.453613752404248771e+02
7.212948408343403344e+02
2.465300312798337075e+02
8.505104248975179644e+02
7.851453945065395601e+02
4.754464314563294920e+02
8.431243864425553056e+02
2.729123010576545312e+02
5.295916822735382539e+02
1.972395336763435125e+02
1.580159007307524007e+03
1.151415603659303088e+03
1.286825153257808779e+03
1.490945546120529343e+03
2.411612961284086225e+02
9.552724706644228263e+02
1.129110377167441811e+03
4.941920557703382997e+02
2.607224813948605515e+02
6.938753268099515026e+02
1.308733779571371656e+02
5.991572890906272733e+02
1.369576114458882785e+03
1.249659093776835789e+03
1.454948577044332524e+03
6.640813536773182477e+02
6.556044811474488370e+02
4.797712109384473251e+02
4.354511010939517064e+02
9.239212438546020394e+02
2.990232128963165223e+02
2.757433683074748387e+02
1.379614680712398922e+02
2.315191239269616688e+02
1.014100811644997634e+03
6.911714367609042711e+02
1.106603063587787574e+03
4.492543369799825541e+02
1.515745952357179931e+02
1.574947170968822093e+03
1.396929896421893318e+02
9.192334409207346653e+02
1.601565109026150594e+03
2.922235897912387372e+02
1.362104721532055009e+02
1.205520611275442661e+03
9.052995625650794409e+02
1.757813113520088564e+02
1.948634806470992544e+03
3.360621127101692309e+02
1.126071399225822006e+03
1.799293672265736461e+02
1.492822643801242975e+03
4.202596723497409243e+02
1.186914066584783995e+03
1.853655338538358592e+03
7.394806059176601138e+02
1.369854194598315416e+03
1.451985579986651373e+03
3.061952318952298810e+02
1.325016313131671723e+03
1.280034357879929985e+02
1.717583735510599467e+02
4.898636889416972622e+02
1.101587923776525258e+03
1.831312563035102812e+03
6.315946091239540010e+02
5.797356191829405816e+02
4.143492309727759562e+02
1.239925472482543455e+03
2.014576122559463158e+02
3.847085365111644819e+02
3.496807600280578754e+02
1.360361543105752844e+02
1.612960816058310343e+02
1.815350187521694920e+02
4.459006761028919072e+02
2.803057978216965012e+02
1.202618243600131791e+03
2.715830962810713345e+02
4.640750730367514620e+02
4.996840147199820876e+02
1.393172305936149769e+03
6.439895820098633976e+02
3.023842794915606191e+02
4.744445865066288661e+02
7.956804290623699671e+02
1.108420086085724051e+03
9.362725097203806399e+02
1.323193121072578379e+03
1.053826401056899385e+03
3.465539372510924636e+02
8.002487575220933422e+02
6.757480041509234070e+02
3.049668036269482059e+02
5.047218653496691445e+02
1.031769942600894638e+03
7.275689074658157551e+02
8.164321707332369442e+02
9.601856460296182831e+02
2.554010981185133460e+02
1.154816584895353344e+02
7.107024253317615603e+02
6.104203912922369000e+02
2.912647766249048686e+02
7.019573116808311397e+02
1.606410848887119073e+03
1.952193583133536663e+02
1.490752947803490770e+03
1.075376145358497979e+03
2.963207956607155324e+02
3.399343001320937674e+02
8.520403789423376111e+02
1.450276338300987845e+03
4.548944623473738602e+02
1.106039705524871692e+02
1.203822837580049736e+03
7.570690619319447023e+02
1.369810571913470085e+03
7.017923876191284762e+02
4.528981812549866390e+02
1.709049497776978569e+03
9.937470969669374199e+02
5.321720620105461421e+02
5.306030492388815674e+02
2.983891490719498734e+02
3.156526688367116549e+02
9.127243293720971451e+02
5.014625085616499973e+02
8.171101564721623163e+02
1.665321263003858348e+03
1.041574959542467695e+03
4.804913288141748922e+02
2.708381570111970404e+02
1.006563816350798106e+03
1.193560973242744012e+03
1.912814388003436306e+03
1.194249366187099668e+03
3.226103502919793300e+02
6.031102127864385238e+02
2.012194739352880219e+02
6.837894351093453906e+02
6.573514397247835177e+02
1.190859348007871006e+02
8.320295880913809015e+02
9.815673649796302698e+02
1.181430261995262072e+03
4.534330386329085627e+02
2.367082460874652554e+02
4.559368498907834919e+02
4.261705373628079769e+02
1.430499305909201667e+03
4.242667199607412840e+02
1.282109293395496479e+03
1.187727368515660601e+03
3.749309490552517445e+02
5.393180909627564006e+02
8.860879333442447887e+02
1.852113938732686620e+03
2.199358623176041760e+02
2.209824200503087468e+02
7.296239630316673583e+02
8.647794137996120298e+02
6.690908714809460207e+02
7.787282360214662731e+02
7.984465385660718084e+02
8.818496844846797558e+02
1.658516273257611147e+02
1.375882802766394434e+03
1.154485797430472530e+03
4.005510854889732855e+02
8.434104081114101064e+02
1.298105098278943501e+02
1.393197331056969688e+03
8.308591083455811486e+02
9.459619538992502612e+02
5.488868131744372931e+02
1.151917513158478641e+03
5.113526849560505525e+02
6.489867709571657315e+02
1.672073994296587898e+03
1.378765088545971480e+02
9.578092687640513532e+02
1.923066850830312831e+02
1.018008183532510543e+03
8.441548315002972913e+02
1.421784352117368826e+03
4.984605232874673106e+02
6.641495519019146059e+02
5.545787214520651105e+02
3.809458101585836403e+02
5.800190860114375937e+02
1.316257283708483328e+03
1.566328114959672462e+02
1.150970017327927764e+02
6.066617401793729414e+02
3.909630717613983961e+02
2.114636253350966228e+02
1.293379447110637557e+02
1.765652706181216445e+03
6.637234410765140638e+02
1.650129957292846029e+03
4.357980790273365983e+02
1.242053256971432091e+02
1.373390737938379516e+03
1.334505863433582249e+02
4.787792807965180941e+02
3.295040371530598122e+02
1.154924993543522532e+03
1.017966848134728025e+03
5.175465330316910695e+02
1.203058907188009925e+03
2.413386636417480133e+02
1.394330692966693164e+02
1.005220274336474802e+02
1.103535543100590985e+03
9.575089383669306926e+02
1.183041635615259111e+03
4.354654068898963715e+02
1.136986400727275424e+02
8.576645563856415038e+02
1.833597503382748073e+03
8.463528029730470053e+02
2.150760317393748835e+02
7.475185334946271496e+02
1.425434578837078789e+03
1.946449666229875902e+03
4.698252541198973518e+02
9.997125077094099197e+02
9.058958869807190695e+02
1.045508691827888697e+03
5.760201063473607519e+02
6.618231633142971759e+02
1.238980331242447164e+03
7.958329454127388090e+02
6.514026201176152426e+02
1.104267655637952885e+03
1.611275121120175982e+02
1.119214525606812884e+02
6.555610051959517932e+02
1.105858510598475732e+03
7.115509451986919203e+02
1.756488592099884158e+02
5.166055490352005108e+02
4.345043803325834801e+02
5.183107932254968091e+02
1.763316485790310708e+03
3.752245654593116342e+02
6.244920179965764646e+02
5.940793538178438666e+02
1.481215301770197357e+03
8.127972194037572535e+02
1.632104703928972356e+02
9.457343844552560768e+02
1.015270970298928887e+03
6.560132115364474430e+02
6.338371491317442405e+02
1.556809191067833069e+02
7.963172375214057865e+02
7.975865825046554392e+02
6.177515811566986486e+02
3.850254967879213837e+02
9.574448784966019730e+02
7.158091025469573196e+02
1.825427838085894621e+02
4.272474701607513339e+02
8.253928063514606492e+02
1.340881795988184876e+03
7.102802661543812519e+02
5.431404833010271886e+02
8.283625913584983209e+02
9.678716220655185225e+02
4.418674995754194015e+02
2.762996878261290590e+02
1.619060450718325001e+03
2.808271792305962435e+02
1.468008353453067230e+03
5.934175263204965631e+02
1.975038262718450824e+03
1.448526958810217366e+03
1.164615134571935187e+03
6.282306867269525128e+02
2.503718325041237733e+02
5.438074658178770733e+02
2.112607484044932278e+02
1.511291662796853416e+03
1.717862246490441294e+03
3.731185388062428387e+02
5.232504552356588192e+02
4.795374020531120323e+02
2.832156023128181914e+02
2.895420876201116016e+02
2.340957090764023008e+02
5.242094067048319630e+02
2.470250576211335556e+02
2.740345718584233055e+02
3.648411700311041841e+02
1.189680873290093359e+03
1.351525533644189863e+03
1.128059062394673447e+03
1.531087506135482727e+03
1.530950007537402655e+02
1.278821639663308815e+03
7.254129574755457952e+02
